     0/299     14.3G      5.51      3.65         0      9.16         1       512         0         0   0.00971         0      6.31      1.88         0
     1/299     14.3G      5.51       2.2         0      7.71         2       512         1      0.05     0.252    0.0952      4.73      1.26         0
     2/299     14.3G      3.95      1.75         0       5.7         2       512     0.424      0.15     0.261     0.222       5.9     0.938         0
     3/299     14.3G      4.36      1.48         0      5.84         1       512     0.236      0.45     0.271      0.31      4.66     0.728         0
     4/299     14.3G      4.43       1.3         0      5.73         2       512     0.195      0.65     0.294       0.3      6.45     0.747         0
     5/299     14.3G      5.09      1.28         0      6.37         2       512     0.286       0.9     0.602     0.434      5.96     0.638         0
     6/299     14.3G      4.96      1.21         0      6.17         1       512     0.475      0.45     0.515     0.462      6.16     0.686         0
     7/299     14.3G      4.64      1.18         0      5.82         2       512    0.0284      0.45    0.0244    0.0535       7.5      3.91         0
     8/299     14.3G      4.41       1.1         0      5.51         1       512    0.0967       0.1    0.0972    0.0983      6.76     0.731         0
     9/299     14.3G      5.38      1.08         0      6.47         2       512     0.201       0.8     0.236     0.322      5.86     0.747         0
    10/299     14.3G      5.32      1.06         0      6.38         1       512     0.258       0.7     0.493     0.377      5.88     0.724         0
    11/299     14.3G      4.25      1.06         0      5.32         1       512     0.542      0.55     0.547     0.546      5.54     0.646         0
    12/299     14.3G      4.08     0.975         0      5.05         1       512   0.00653      0.35   0.00324    0.0128      8.64      34.8         0
    13/299     14.3G       4.7     0.946         0      5.65         2       512     0.526      0.65     0.655     0.581      6.05     0.717         0
    14/299     14.3G      4.66      1.02         0      5.67         1       512     0.099      0.85     0.185     0.177      5.62      1.55         0
    15/299     14.3G      4.36      0.95         0      5.31         1       512     0.613       0.8     0.748     0.694      5.46     0.541         0
    16/299     14.3G      3.82     0.932         0      4.75         1       512     0.885       0.2     0.419     0.326      6.26     0.823         0
    17/299     14.3G      4.85      1.06         0      5.91         2       512     0.273       0.2     0.205     0.231      9.99       1.8         0
    18/299     14.3G      4.39     0.925         0      5.31         1       512     0.107       0.8     0.148     0.188       5.8      1.21         0
    19/299     14.3G      4.14     0.975         0      5.11         3       512     0.451       0.9     0.728     0.601      5.63      0.52         0
    20/299     14.3G      4.43     0.867         0       5.3         1       512     0.911       0.7     0.766     0.792      5.77     0.491         0
    21/299     14.3G      3.83     0.901         0      4.73         2       512      0.59     0.791     0.676     0.676       5.7     0.497         0
    22/299     14.3G      3.86     0.856         0      4.72         2       512     0.762      0.95     0.921     0.845      5.42      0.41         0
    23/299     14.3G      4.28     0.834         0      5.11         1       512     0.655      0.85     0.881      0.74       5.8     0.442         0
    24/299     14.3G      4.87     0.928         0       5.8         3       512     0.696      0.85     0.813     0.766      5.19     0.462         0
    25/299     14.3G      4.24     0.832         0      5.08         1       512     0.737     0.841      0.85     0.786      5.22     0.426         0
    26/299     14.3G      3.59     0.788         0      4.37         1       512      0.89     0.811     0.858     0.849      5.24     0.499         0
    27/299     14.3G      4.12     0.833         0      4.96         1       512    0.0834      0.85     0.176     0.152      5.25     0.517         0
    28/299     14.3G      4.44     0.809         0      5.25         1       512     0.519      0.65     0.629     0.577      9.24      0.57         0
    29/299     14.3G      4.19     0.874         0      5.06         2       512     0.517      0.65     0.686     0.576      5.61     0.491         0
    30/299     14.3G      4.38     0.833         0      5.21         1       512     0.757      0.65     0.687       0.7      5.48     0.521         0
    31/299     14.3G      4.69     0.837         0      5.52         2       512     0.715     0.627     0.749     0.668      5.37     0.518         0
    32/299     14.3G      3.87     0.834         0       4.7         3       512     0.947     0.893     0.931     0.919      5.16     0.394         0
    33/299     14.3G      3.78     0.717         0       4.5         1       512     0.838      0.95     0.953      0.89      5.16     0.366         0
    34/299     14.3G      4.25     0.771         0      5.02         2       512     0.807      0.95     0.933     0.873      5.07     0.408         0
    35/299     14.3G      3.55     0.724         0      4.27         2       512     0.821      0.95     0.922     0.881      5.09     0.378         0
    36/299     14.3G      3.87     0.722         0      4.59         2       512      0.72       0.9     0.874       0.8      5.15     0.381         0
    37/299     14.3G      3.95       0.7         0      4.65         2       512     0.811      0.85     0.917      0.83      4.89     0.378         0
    38/299     14.3G      3.48     0.676         0      4.16         2       512     0.839       0.9     0.932     0.869      4.86     0.378         0
    39/299     14.3G      3.85     0.662         0      4.51         1       512      0.79      0.95     0.949     0.863      5.14     0.351         0
    40/299     14.3G      4.17     0.667         0      4.84         1       512     0.786       0.9     0.878     0.839      4.99     0.363         0
    41/299     14.3G      3.81     0.647         0      4.46         1       512     0.824       0.9      0.89      0.86      5.09     0.345         0
    42/299     14.3G      4.06     0.638         0      4.69         1       512     0.833       0.9     0.885     0.865      5.05     0.337         0
    43/299     14.3G      3.78     0.644         0      4.42         1       512     0.725      0.95     0.923     0.823      4.99     0.338         0
    44/299     14.3G      4.02     0.652         0      4.68         1       512     0.595      0.85     0.817       0.7      5.41     0.341         0
    45/299     14.3G      4.22     0.665         0      4.89         1       512     0.774      0.85     0.826      0.81      5.28      0.38         0
    46/299     14.3G       3.7     0.624         0      4.32         1       512     0.704      0.85     0.872      0.77      5.25      0.43         0
    47/299     14.3G      3.31     0.666         0      3.98         2       512      0.69       0.9     0.874     0.781      5.23     0.385         0
    48/299     14.3G      3.67     0.641         0      4.31         1       512     0.727      0.65     0.785     0.687      5.28     0.429         0
    49/299     14.3G      3.85     0.656         0      4.51         2       512     0.823      0.93     0.907     0.873      5.05     0.378         0
    50/299     14.3G       3.3     0.678         0      3.97         2       512     0.775       0.9     0.909     0.833      5.23     0.365         0
    51/299     14.3G      4.22     0.646         0      4.87         1       512     0.779       0.9     0.866     0.835      4.82     0.348         0
    52/299     14.3G      3.67     0.593         0      4.26         1       512     0.814     0.877      0.91     0.844      4.99     0.356         0
    53/299     14.3G      4.12      0.63         0      4.75         1       512     0.887       0.9     0.914     0.894      5.03     0.371         0
    54/299     14.3G      3.67     0.602         0      4.28         1       512     0.749       0.9     0.925     0.817         5     0.375         0
    55/299     14.3G      3.81     0.542         0      4.36         1       512     0.904       0.9     0.955     0.902      5.09      0.33         0
    56/299     14.3G      3.54     0.559         0       4.1         1       512     0.795       0.9     0.912     0.844      5.13     0.306         0
    57/299     14.3G      3.96     0.621         0      4.58         2       512     0.757      0.85     0.886     0.801      5.12      0.34         0
    58/299     14.3G      3.76     0.575         0      4.34         1       512     0.834       0.9     0.906     0.866      4.95     0.326         0
    59/299     14.3G      3.89     0.628         0      4.52         3       512     0.904     0.941     0.894     0.922      4.96      0.34         0
    60/299     14.3G      3.75     0.639         0      4.38         2       512     0.852       0.9     0.919     0.876      4.95     0.323         0
    61/299     14.3G      3.74     0.649         0      4.39         2       512     0.857      0.95     0.935     0.901      4.96     0.306         0
    62/299     14.3G      3.55     0.595         0      4.15         2       512     0.904     0.946     0.912     0.925      5.04      0.32         0
    63/299     14.3G      3.45     0.614         0      4.07         2       512      0.87       0.9     0.902     0.885      5.01     0.334         0
    64/299     14.3G      3.99     0.623         0      4.61         2       512     0.904     0.945     0.918     0.924      4.83     0.334         0
    65/299     14.3G      3.74     0.611         0      4.35         2       512     0.782      0.95     0.878     0.858      4.84     0.389         0
    66/299     14.3G      3.84     0.809         0      4.65         1       512     0.495      0.75     0.614     0.596      6.04     0.461         0
    67/299     14.3G      4.53      0.78         0      5.31         2       512     0.359      0.55     0.499     0.434      5.81     0.471         0
    68/299     14.3G      3.66     0.777         0      4.44         1       512     0.632       0.9     0.885     0.743      5.23     0.406         0
    69/299     14.3G      4.49     0.758         0      5.25         1       512     0.615       0.9     0.836      0.73      5.32       0.4         0
    70/299     14.3G       3.6     0.721         0      4.32         1       512     0.508      0.85     0.789     0.636      5.51      0.39         0
    71/299     14.3G      3.97     0.685         0      4.65         2       512     0.621       0.9     0.894     0.735      5.15     0.326         0
    72/299     14.3G      4.31     0.703         0      5.01         2       512     0.709       0.9     0.882     0.793      5.08     0.357         0
    73/299     14.3G      3.95      0.69         0      4.64         1       512     0.751       0.9     0.882     0.819      5.09     0.361         0
    74/299     14.3G      3.49      0.66         0      4.15         2       512     0.823       0.9     0.888      0.86      5.11      0.36         0
    75/299     14.3G      3.83     0.649         0      4.48         1       512     0.637      0.85     0.842     0.728      5.27     0.375         0
    76/299     14.3G      3.97     0.647         0      4.61         1       512     0.638       0.9     0.883     0.747      5.25     0.328         0
    77/299     14.3G      3.63     0.636         0      4.27         2       512     0.686       0.9     0.869     0.779      5.16     0.351         0
    78/299     14.3G      3.92     0.641         0      4.56         4       512     0.789       0.9     0.864     0.841      5.27     0.333         0
    79/299     14.3G      3.55     0.597         0      4.15         1       512     0.848       0.9     0.877     0.873      5.05     0.313         0
    80/299     14.3G      3.71     0.623         0      4.34         3       512     0.941      0.85     0.865     0.893      5.02      0.35         0
    81/299     14.3G      4.35     0.572         0      4.92         2       512     0.883      0.85     0.841     0.866      5.01     0.357         0
    82/299     14.3G      3.73     0.623         0      4.35         2       512     0.866       0.9     0.864     0.883      5.05      0.34         0
    83/299     14.3G      3.87     0.586         0      4.45         2       512     0.889     0.804     0.846     0.845      5.01      0.39         0
    84/299     14.3G      3.67     0.596         0      4.27         2       512     0.804       0.9     0.919     0.849      4.88     0.301         0
    85/299     14.3G      3.79     0.566         0      4.35         1       512     0.723      0.85     0.879     0.781      5.09      0.38         0
    86/299     14.3G      3.03     0.586         0      3.62         2       512     0.733       0.9     0.881     0.808      5.38     0.343         0
    87/299     14.3G      3.75     0.555         0      4.31         1       512     0.736       0.9     0.835      0.81      5.34     0.344         0
    88/299     14.3G       3.8     0.591         0      4.39         1       512     0.842      0.85     0.888     0.846      5.15     0.355         0
    89/299     14.3G      3.07      0.56         0      3.63         1       512     0.868      0.85     0.933     0.859      5.09     0.335         0
    90/299     14.3G      3.81     0.556         0      4.36         2       512     0.855      0.85      0.93     0.852      5.07     0.323         0
    91/299     14.3G       3.7     0.548         0      4.25         1       512      0.86       0.9     0.915      0.88      5.05     0.338         0
    92/299     14.3G      3.58     0.502         0      4.08         1       512     0.684       0.9      0.88     0.777      5.27     0.343         0
    93/299     14.3G      3.64      0.57         0       4.2         2       512     0.861       0.9     0.897      0.88      5.07     0.348         0
    94/299     14.3G      3.88     0.519         0       4.4         1       512     0.862       0.9     0.928      0.88      4.97     0.305         0
    95/299     14.3G      3.15      0.53         0      3.68         2       512     0.847       0.9     0.933     0.873      5.03     0.308         0
    96/299     14.3G      3.67     0.535         0      4.21         1       512     0.878       0.9     0.929     0.889      4.98     0.332         0
    97/299     14.3G      3.39     0.559         0      3.94         2       512     0.904       0.9     0.936     0.902      5.08     0.324         0
    98/299     14.3G      2.97      0.53         0       3.5         1       512     0.947     0.889     0.954     0.917      4.93     0.326         0
    99/299     14.3G      3.65     0.506         0      4.15         2       512     0.949     0.929     0.983     0.939      4.88     0.295         0
   100/299     14.3G         3     0.535         0      3.54         1       512     0.853       0.9     0.939     0.876      5.07     0.333         0
   101/299     14.3G      2.91     0.555         0      3.46         1       512     0.778      0.85     0.826     0.812      5.06     0.361         0
   102/299     14.3G      3.39     0.553         0      3.94         1       512     0.761      0.85     0.846     0.803      5.09     0.347         0
   103/299     14.3G      3.32     0.506         0      3.83         1       512     0.866      0.85     0.826     0.858      5.18     0.344         0
   104/299     14.3G      3.15     0.588         0      3.74         3       512     0.902      0.85     0.915     0.875      5.49     0.363         0
   105/299     14.3G      3.75     0.523         0      4.28         2       512     0.923      0.95     0.929     0.936      5.22     0.357         0
   106/299     14.3G      3.16     0.525         0      3.68         2       512     0.898       0.9     0.922     0.899      5.28     0.344         0
   107/299     14.3G      3.68     0.557         0      4.23         3       512      0.94       0.9     0.885      0.92      5.28     0.336         0
   108/299     14.3G      3.68     0.503         0      4.18         1       512     0.924       0.9     0.912     0.912       5.2     0.372         0
   109/299     14.3G      3.75     0.534         0      4.28         1       512     0.896     0.861       0.9     0.878      5.22     0.382         0
   110/299     14.3G      3.62     0.507         0      4.13         0       512     0.833      0.85     0.857     0.841      5.24     0.345         0
   111/299     14.3G      3.54     0.548         0      4.09         2       512     0.856     0.892     0.899     0.873      5.26     0.317         0
   112/299     14.3G      3.62     0.499         0      4.12         1       512     0.843       0.9     0.923      0.87      5.14     0.332         0
   113/299     14.3G      3.52     0.474         0         4         1       512     0.801      0.85      0.85     0.825      5.24     0.338         0
   114/299     14.3G      3.51     0.543         0      4.06         2       512     0.843      0.85     0.849     0.847      5.31     0.328         0
   115/299     14.3G      3.73     0.521         0      4.25         1       512     0.819      0.85     0.917     0.834      5.06     0.316         0
   116/299     14.3G      2.94     0.519         0      3.46         1       512     0.886       0.9     0.915     0.893      4.96     0.307         0
   117/299     14.3G      3.25       0.5         0      3.75         2       512     0.904       0.9     0.922     0.902      4.87     0.301         0
   118/299     14.3G      3.92     0.507         0      4.42         1       512     0.898      0.85     0.906     0.874      4.97     0.308         0
   119/299     14.3G      3.45     0.488         0      3.94         2       512     0.892     0.823     0.876     0.856      5.01     0.335         0
   120/299     14.3G      3.85     0.478         0      4.33         1       512     0.905      0.85     0.921     0.877      5.02     0.337         0
   121/299     14.3G      4.04     0.473         0      4.51         1       512     0.882      0.85       0.9     0.866         5     0.364         0
   122/299     14.3G      3.76     0.539         0       4.3         2       512     0.944     0.845     0.916     0.892      4.99     0.385         0
   123/299     14.3G      3.31     0.462         0      3.77         1       512     0.942     0.818     0.879     0.876      5.03     0.416         0
   124/299     14.3G      3.27     0.487         0      3.76         2       512     0.919       0.9     0.873      0.91      5.09     0.419         0
   125/299     14.3G      3.54     0.501         0      4.05         1       512     0.852     0.864     0.877     0.858      5.01     0.351         0
   126/299     14.3G      3.59     0.501         0      4.09         2       512     0.814      0.85     0.892     0.832      5.09     0.336         0
   127/299     14.3G       3.6     0.527         0      4.13         1       512     0.913      0.85     0.907     0.881      5.17     0.343         0
   128/299     14.3G       3.9     0.615         0      4.52         3       512     0.778      0.75     0.788     0.764      5.54     0.386         0
   129/299     14.3G      3.09      0.67         0      3.76         1       512     0.714      0.75     0.811     0.731      5.45     0.429         0
   130/299     14.3G      3.57     0.613         0      4.19         2       512     0.721      0.85     0.812      0.78      5.45     0.385         0
   131/299     14.3G      3.47     0.649         0      4.12         3       512     0.704       0.8     0.818     0.749      5.56     0.369         0
   132/299     14.3G      3.48     0.612         0       4.1         2       512     0.709       0.8     0.852     0.752       5.4     0.417         0
   133/299     14.3G      3.35     0.538         0      3.88         2       512      0.78       0.8     0.837      0.79      5.29     0.432         0
   134/299     14.3G      2.88     0.525         0       3.4         2       512     0.897       0.8     0.872     0.846      5.08     0.456         0
   135/299     14.3G       3.8      0.56         0      4.36         2       512     0.942     0.818     0.948     0.876      4.91     0.464         0
   136/299     14.3G      2.74     0.494         0      3.23         2       512     0.913      0.85     0.928      0.88      4.95     0.477         0
   137/299     14.3G      3.92     0.496         0      4.42         2       512     0.863       0.8     0.845     0.831      5.09     0.527         0
   138/299     14.3G      2.81     0.482         0      3.29         0       512     0.898       0.8     0.881     0.846         5     0.493         0
   139/299     14.3G      3.39     0.545         0      3.93         1       512      0.89       0.8     0.938     0.843      4.91     0.437         0
   140/299     14.3G      3.06       0.5         0      3.56         2       512     0.887       0.8     0.928     0.841      4.96     0.434         0
   141/299     14.3G      3.33     0.496         0      3.83         2       512     0.915      0.85     0.884     0.881      5.03     0.426         0
   142/299     14.3G      3.26     0.483         0      3.74         2       512     0.904      0.85     0.893     0.876      5.06     0.425         0
   143/299     14.3G      3.03     0.468         0       3.5         1       512     0.944     0.846     0.899     0.892      5.16     0.424         0
   144/299     14.3G      3.17     0.448         0      3.61         1       512     0.917       0.9     0.911     0.909      5.08     0.393         0
   145/299     14.3G      2.92     0.459         0      3.38         2       512     0.947     0.889     0.884     0.917      5.09      0.42         0
   146/299     14.3G      2.86     0.485         0      3.35         2       512     0.944     0.841     0.888     0.889      5.11      0.42         0
   147/299     14.3G      3.03     0.479         0      3.51         1       512     0.791     0.757     0.823     0.774      5.13     0.463         0
   148/299     14.3G      3.33     0.495         0      3.82         2       512     0.773       0.8      0.83     0.786      5.15     0.479         0
   149/299     14.3G      2.73     0.485         0      3.22         1       512     0.831       0.8     0.872     0.815      5.09     0.425         0
   150/299     14.3G      3.48     0.471         0      3.96         1       512     0.943     0.827     0.866     0.881      5.01     0.446         0
   151/299     14.3G       2.3     0.487         0      2.78         1       512     0.918      0.85     0.878     0.883      5.04     0.418         0
   152/299     14.3G      2.71     0.452         0      3.16         1       512     0.891       0.8     0.881     0.843      5.01     0.399         0
   153/299     14.3G         3     0.448         0      3.45         2       512     0.887       0.9     0.886     0.894      5.05     0.376         0
   154/299     14.3G      2.68     0.431         0      3.12         1       512     0.822      0.85     0.848     0.836      5.14     0.403         0
   155/299     14.3G      3.08     0.448         0      3.53         1       512     0.945     0.854     0.917     0.897      4.98     0.382         0
   156/299     14.3G      3.03     0.466         0       3.5         1       512     0.865      0.85     0.878     0.858      5.05     0.423         0
   157/299     14.3G      4.36     0.496         0      4.86         3       512     0.911      0.85     0.855      0.88      5.14     0.467         0
   158/299     14.3G      3.75     0.458         0       4.2         2       512     0.832      0.85     0.819     0.841      5.14     0.505         0
   159/299     14.3G      3.44     0.461         0       3.9         2       512      0.81      0.85     0.841      0.83      5.12      0.48         0
   160/299     14.3G      3.36     0.491         0      3.85         2       512       0.9     0.896      0.91     0.898      4.97     0.355         0
   161/299     14.3G      2.84     0.478         0      3.32         0       512      0.86      0.85     0.888     0.855      4.92     0.396         0
   162/299     14.3G      3.28     0.512         0      3.79         3       512     0.838      0.85     0.848     0.844      5.14     0.514         0
   163/299     14.3G      3.35     0.478         0      3.83         2       512     0.893     0.837     0.865     0.864      5.17     0.502         0
   164/299     14.3G      3.87     0.457         0      4.32         2       512     0.903       0.8     0.877     0.848      5.17     0.452         0
   165/299     14.3G      3.41     0.446         0      3.85         1       512     0.843       0.8     0.874     0.821      5.18     0.454         0
   166/299     14.3G         3     0.477         0      3.47         3       512     0.882       0.8     0.832     0.839      5.13     0.456         0
   167/299     14.3G       3.1     0.475         0      3.57         1       512     0.892     0.823     0.871     0.856      5.15     0.443         0
   168/299     14.3G      3.21     0.465         0      3.68         2       512      0.89     0.813     0.883      0.85      5.11     0.443         0
   169/299     14.3G      3.65     0.416         0      4.06         1       512     0.919      0.85     0.909     0.883      5.08     0.439         0
   170/299     14.3G      3.05     0.425         0      3.47         1       512     0.867      0.85     0.909     0.858      5.13     0.426         0
   171/299     14.3G      3.94     0.457         0       4.4         2       512     0.849     0.843     0.889     0.846       5.1     0.474         0
   172/299     14.3G      3.05     0.412         0      3.46         1       512     0.873      0.85      0.88     0.861      5.11     0.487         0
   173/299     14.3G      3.33     0.395         0      3.73         1       512     0.843      0.85      0.89     0.846      5.09     0.488         0
   174/299     14.3G      3.39     0.424         0      3.81         3       512     0.918      0.85     0.874     0.883      5.13     0.491         0
   175/299     14.3G      2.92     0.421         0      3.35         1       512     0.903      0.85     0.868     0.876       5.2     0.476         0
   176/299     14.3G      3.23     0.412         0      3.64         2       512     0.871      0.85     0.856      0.86      5.15     0.461         0
   177/299     14.3G      3.02     0.393         0      3.41         0       512     0.897     0.868     0.882     0.882      5.12     0.451         0
   178/299     14.3G       3.3     0.389         0      3.69         1       512      0.89     0.812     0.885     0.849      5.14     0.467         0
   179/299     14.3G      3.19      0.42         0      3.61         2       512     0.896     0.865     0.877     0.881      5.17     0.474         0
   180/299     14.3G      2.73     0.395         0      3.13         1       512     0.888     0.795     0.847     0.839       5.2     0.497         0
   181/299     14.3G      3.02     0.401         0      3.42         2       512     0.888     0.792     0.843     0.837      5.21     0.497         0
   182/299     14.3G      3.01     0.422         0      3.43         2       512     0.888     0.796     0.841     0.839      5.24     0.518         0
   183/299     14.3G      2.72     0.399         0      3.12         3       512     0.888      0.79      0.87     0.836      5.17     0.482         0
   184/299     14.3G      2.89       0.4         0      3.29         1       512     0.944     0.836     0.899     0.887      5.14      0.44         0
   185/299     14.3G      2.86     0.365         0      3.23         0       512     0.943     0.834     0.901     0.885      5.05     0.443         0
   186/299     14.3G      3.41     0.406         0      3.82         2       512     0.943     0.827     0.898     0.881       5.1     0.459         0
   187/299     14.3G      2.84     0.368         0      3.21         2       512     0.924       0.8     0.875     0.858      5.19     0.527         0
   188/299     14.3G      3.17     0.412         0      3.58         2       512     0.896       0.8     0.868     0.845      5.17     0.509         0
   189/299     14.3G      3.26     0.351         0      3.61         2       512      0.87       0.8     0.853     0.834      5.16      0.53         0
   190/299     14.3G      3.55     0.384         0      3.93         1       512     0.941       0.8     0.874     0.865      5.11     0.543         0
   191/299     14.3G       3.6     0.377         0      3.98         2       512     0.941     0.799     0.895     0.864      5.16     0.511         0
   192/299     14.3G      2.98     0.444         0      3.43         3       512     0.942     0.805     0.924     0.868      5.12     0.521         0
   193/299     14.3G      3.39     0.412         0      3.81         2       512     0.943     0.825     0.921      0.88      5.11     0.515         0
   194/299     14.3G      3.26     0.378         0      3.63         1       512     0.943     0.825      0.91      0.88      5.23     0.493         0
   195/299     14.3G      3.66     0.403         0      4.07         1       512     0.913       0.8     0.905     0.853       5.2     0.523         0
   196/299     14.3G      2.85     0.382         0      3.24         1       512     0.901       0.8     0.895     0.848      5.24     0.539         0
   197/299     14.3G      3.61     0.437         0      4.05         2       512     0.909       0.8     0.867     0.851      5.24     0.576         0
   198/299     14.3G      3.26      0.44         0       3.7         3       512     0.902       0.8      0.85     0.848      5.22      0.55         0
   199/299     14.3G      3.97     0.463         0      4.43         2       512     0.944     0.843     0.875     0.891      5.25     0.557         0
   200/299     14.3G      3.42     0.407         0      3.82         2       512     0.869      0.85     0.871      0.86      5.27     0.475         0
   201/299     14.3G       3.2     0.432         0      3.64         2       512      0.86      0.85     0.874     0.855      5.24     0.438         0
   202/299     14.3G      2.69     0.389         0      3.08         1       512      0.87      0.85     0.867      0.86      5.21     0.431         0
   203/299     14.3G       3.6     0.386         0      3.99         2       512     0.893      0.85     0.882     0.871      5.17     0.416         0
   204/299     14.3G      3.15     0.379         0      3.53         2       512     0.896      0.86     0.903     0.877      5.16     0.402         0
   205/299     14.3G      3.42     0.378         0       3.8         2       512     0.894     0.846     0.911      0.87      5.08     0.407         0
   206/299     14.3G      3.09     0.408         0      3.49         2       512     0.891      0.82     0.882     0.854      5.07     0.447         0
   207/299     14.3G      2.81     0.383         0      3.19         1       512     0.942     0.816     0.871     0.875      5.05      0.48         0
   208/299     14.3G      3.22     0.365         0      3.59         1       512     0.943     0.827     0.869     0.881      5.06     0.482         0
   209/299     14.3G      2.94     0.394         0      3.34         1       512     0.943     0.829     0.871     0.883      5.09     0.499         0
   210/299     14.3G       3.1     0.363         0      3.47         2       512      0.91       0.8     0.874     0.851      5.09     0.517         0
   211/299     14.3G       3.1     0.375         0      3.47         2       512      0.89     0.812     0.908      0.85       5.1     0.507         0
   212/299     14.3G      3.24     0.354         0       3.6         1       512     0.889     0.798     0.911     0.841      5.04     0.495         0
   213/299     14.3G      3.24     0.385         0      3.62         2       512     0.889     0.802      0.91     0.843      5.07     0.497         0
   214/299     14.3G      3.36     0.373         0      3.73         3       512     0.943     0.823     0.914     0.879      5.12     0.495         0
   215/299     14.3G      3.07     0.391         0      3.46         2       512     0.894     0.843     0.922     0.868      5.17     0.478         0
   216/299     14.3G      2.92      0.37         0      3.29         2       512     0.854      0.88     0.897     0.867      5.13     0.386         0
   217/299     14.3G      3.23     0.376         0      3.61         2       512     0.855     0.882     0.901     0.868      5.11     0.402         0
   218/299     14.3G      3.68     0.378         0      4.06         1       512     0.875      0.85     0.912     0.862      5.09     0.439         0
   219/299     14.3G      3.06       0.4         0      3.46         1       512     0.896     0.859     0.886     0.877      5.09     0.458         0
   220/299     14.3G      3.69      0.37         0      4.06         2       512     0.891      0.85     0.881      0.87      5.05     0.479         0
   221/299     14.3G      3.07     0.371         0      3.45         1       512     0.944      0.85     0.916     0.894      4.99     0.516         0
   222/299     14.3G      3.07      0.38         0      3.44         1       512     0.945     0.866     0.924     0.904      4.98     0.551         0
   223/299     14.3G      2.91     0.369         0      3.28         3       512     0.865       0.8     0.847     0.831      4.97     0.572         0
   224/299     14.3G      3.62     0.376         0         4         1       512     0.863       0.8     0.843     0.831      4.97     0.597         0
   225/299     14.3G       3.5     0.386         0      3.88         3       512     0.863       0.8     0.803      0.83      5.03     0.617         0
   226/299     14.3G      3.47     0.414         0      3.89         2       512     0.862       0.8     0.775      0.83      5.06      0.63         0
   227/299     14.3G      3.39     0.346         0      3.73         2       512     0.827       0.8     0.807     0.813      5.05     0.621         0
   228/299     14.3G      3.18     0.359         0      3.54         2       512     0.818       0.8     0.802     0.809      5.04     0.613         0
   229/299     14.3G       2.7     0.319         0      3.02         0       512      0.82       0.8     0.796      0.81      5.06     0.611         0
   230/299     14.3G      3.46     0.346         0      3.81         3       512     0.842     0.798      0.83      0.82      5.05     0.614         0
   231/299     14.3G      3.44     0.338         0      3.78         1       512     0.839       0.8     0.842     0.819         5     0.607         0
   232/299     14.3G      2.92     0.363         0      3.28         3       512     0.864       0.8     0.853     0.831      5.02     0.606         0
   233/299     14.3G      3.14      0.39         0      3.53         1       512     0.864       0.8     0.863     0.831      5.02     0.591         0
   234/299     14.3G      3.02     0.359         0      3.38         1       512     0.881       0.8     0.865     0.838      5.04     0.583         0
   235/299     14.3G      2.74     0.373         0      3.11         3       512     0.884       0.8     0.849      0.84      5.06      0.57         0
   236/299     14.3G      2.74     0.349         0      3.09         1       512     0.888     0.791     0.856     0.837      5.04     0.556         0
   237/299     14.3G      2.72     0.361         0      3.08         1       512     0.941     0.799     0.862     0.864      5.07     0.544         0
   238/299     14.3G      2.45     0.415         0      2.87         3       512     0.921       0.8     0.862     0.856      5.08     0.545         0
   239/299     14.3G      3.18     0.351         0      3.53         1       512     0.892       0.8     0.858     0.844      5.04     0.541         0
   240/299     14.3G      2.86     0.329         0      3.19         1       512     0.893       0.8     0.875     0.844      5.09     0.534         0
   241/299     14.3G      3.43      0.36         0      3.79         3       512     0.902       0.8     0.929     0.848      5.09     0.542         0
   242/299     14.3G      2.58      0.34         0      2.92         1       512     0.898       0.8     0.879     0.846      5.06     0.555         0
   243/299     14.3G      3.13     0.357         0      3.49         2       512     0.893       0.8     0.879     0.844      5.05     0.565         0
   244/299     14.3G      2.96      0.33         0      3.29         0       512     0.867       0.8     0.872     0.832      5.06     0.568         0
   245/299     14.3G         3      0.34         0      3.34         1       512     0.873       0.8     0.867     0.835      5.08     0.569         0
   246/299     14.3G      3.52     0.312         0      3.83         1       512     0.867       0.8     0.865     0.832      5.11     0.565         0
   247/299     14.3G      2.55     0.349         0      2.89         2       512     0.867       0.8     0.862     0.832      5.09     0.573         0
   248/299     14.3G      2.99     0.333         0      3.32         1       512     0.868       0.8     0.851     0.833      5.11     0.575         0
   249/299     14.3G      2.98     0.344         0      3.33         2       512     0.866       0.8     0.846     0.832      5.12     0.576         0
   250/299     14.3G      2.81     0.331         0      3.14         1       512     0.861       0.8     0.846     0.829      5.13     0.581         0
   251/299     14.3G      2.82     0.324         0      3.14         1       512     0.864       0.8     0.851     0.831       5.1     0.586         0
   252/299     14.3G      2.99     0.328         0      3.32         1       512     0.864       0.8     0.849     0.831       5.1      0.58         0
   253/299     14.3G      2.67     0.313         0      2.98         1       512     0.865       0.8     0.859     0.831      5.08     0.576         0
   254/299     14.3G      2.78     0.337         0      3.12         0       512     0.874       0.8     0.859     0.835      5.09     0.585         0
   255/299     14.3G      2.79      0.31         0       3.1         0       512     0.884       0.8     0.866      0.84      5.09     0.584         0
   256/299     14.3G      3.39     0.332         0      3.72         2       512     0.906       0.8     0.861      0.85      5.09      0.59         0
   257/299     14.3G      2.81     0.324         0      3.14         1       512     0.925       0.8     0.858     0.858       5.1     0.594         0
   258/299     14.3G      2.97     0.339         0      3.31         2       512     0.916       0.8     0.864     0.854      5.11     0.597         0
   259/299     14.3G      3.38     0.331         0      3.71         3       512     0.886       0.8     0.863     0.841      5.11     0.595         0
   260/299     14.3G      2.82     0.376         0      3.19         3       512     0.882       0.8      0.86     0.839      5.13     0.593         0
   261/299     14.3G      2.84     0.316         0      3.15         2       512     0.882       0.8     0.863     0.839      5.13     0.583         0
   262/299     14.3G      3.52       0.3         0      3.82         1       512     0.882       0.8     0.859     0.839      5.14     0.582         0
   263/299     14.3G      3.21     0.282         0      3.49         1       512     0.892       0.8     0.855     0.844      5.17     0.584         0
   264/299     14.3G      2.37      0.34         0      2.71         2       512     0.904       0.8     0.854     0.849      5.15     0.596         0
   265/299     14.3G      2.49     0.316         0       2.8         2       512     0.907       0.8     0.848      0.85      5.16     0.598         0
   266/299     14.3G      2.77      0.31         0      3.08         1       512     0.904       0.8     0.827     0.849      5.14     0.593         0
   267/299     14.3G      2.95     0.328         0      3.28         2       512     0.905       0.8     0.817     0.849      5.13     0.601         0
   268/299     14.3G       3.1     0.385         0      3.48         3       512     0.906       0.8     0.882      0.85       5.1     0.588         0
   269/299     14.3G      3.27     0.314         0      3.58         1       512     0.922       0.8     0.852     0.857      5.12     0.577         0
   270/299     14.3G       2.8     0.311         0      3.11         1       512     0.937       0.8     0.854     0.863      5.13     0.581         0
   271/299     14.3G      2.93     0.316         0      3.24         1       512     0.941     0.796     0.859     0.863      5.15     0.582         0
   272/299     14.3G      2.66     0.313         0      2.98         1       512     0.941     0.796      0.86     0.862      5.17     0.587         0
   273/299     14.3G      2.95     0.353         0       3.3         4       512     0.941     0.795     0.866     0.862      5.18     0.586         0
   274/299     14.3G      3.09     0.311         0       3.4         2       512     0.941     0.795      0.87     0.862      5.16     0.584         0
   275/299     14.3G      2.93     0.281         0      3.21         1       512     0.941     0.799     0.874     0.864      5.14     0.577         0
   276/299     14.3G       2.8     0.312         0      3.11         2       512     0.941     0.799      0.88     0.864      5.14     0.571         0
   277/299     14.3G      2.24     0.328         0      2.57         2       512     0.941     0.797     0.885     0.863      5.13     0.569         0
   278/299     14.3G      3.36     0.324         0      3.69         2       512     0.941     0.792     0.883      0.86      5.12     0.574         0
   279/299     14.3G      3.19     0.283         0      3.48         1       512     0.941     0.793     0.882     0.861      5.09     0.579         0
   280/299     14.3G      3.36     0.311         0      3.67         2       512     0.941     0.792     0.875      0.86      5.07     0.582         0
   281/299     14.3G      2.82     0.341         0      3.16         3       512     0.941     0.794     0.927     0.861      5.06     0.579         0
   282/299     14.3G      2.64     0.336         0      2.97         4       512     0.941     0.796     0.927     0.862      5.07     0.573         0
   283/299     14.3G      3.11     0.315         0      3.43         2       512     0.941     0.802     0.928     0.866      5.08     0.567         0
   284/299     14.3G      3.23     0.316         0      3.55         2       512     0.942      0.81     0.927     0.871       5.1     0.572         0
   285/299     14.3G      2.91     0.288         0      3.19         1       512     0.942     0.806     0.927     0.868      5.09     0.583         0
   286/299     14.3G      2.93     0.307         0      3.24         1       512     0.941     0.801     0.925     0.866      5.08     0.587         0
   287/299     14.3G      2.96     0.306         0      3.27         2       512     0.941       0.8     0.929     0.865      5.08     0.588         0
   288/299     14.3G      3.17     0.297         0      3.47         0       512     0.941     0.798     0.923     0.863      5.09     0.583         0
   289/299     14.3G      3.35     0.297         0      3.64         2       512     0.941     0.804     0.918     0.867      5.09     0.585         0
   290/299     14.3G      2.92     0.317         0      3.24         3       512     0.929       0.8     0.867      0.86      5.11     0.586         0
   291/299     14.3G      2.92     0.299         0      3.21         2       512     0.931       0.8     0.863      0.86      5.12     0.587         0
   292/299     14.3G      3.18     0.294         0      3.47         0       512     0.924       0.8     0.858     0.858      5.12      0.58         0
   293/299     14.3G      3.23     0.317         0      3.55         2       512     0.942     0.818     0.917     0.876      5.11     0.581         0
   294/299     14.3G      2.64     0.316         0      2.96         2       512     0.942     0.819     0.915     0.876      5.11     0.587         0
   295/299     14.3G      3.36       0.3         0      3.66         2       512     0.943     0.821     0.919     0.877      5.13     0.594         0
   296/299     14.3G      3.22     0.345         0      3.57         3       512     0.942     0.818     0.923     0.876      5.12     0.597         0
   297/299     14.3G      2.89     0.275         0      3.17         1       512     0.922       0.8     0.923     0.857      5.11     0.603         0
   298/299     14.3G      2.74     0.314         0      3.05         2       512     0.921       0.8     0.915     0.856      5.13     0.601         0
   299/299     14.3G      2.75     0.321         0      3.07         3       512      0.92       0.8     0.911     0.856      5.13     0.602         0
